3.642857142857143 18.214285714285715
6.142857142857143 17.714285714285715
8.714285714285714 17.142857142857142
11.428571428571429 16.785714285714285
14.571428571428571 16.428571428571427
17.428571428571427 16.0
20.285714285714285 15.428571428571429
23.142857142857142 15.428571428571429
25.357142857142858 15.714285714285714
28.928571428571427 16.785714285714285
31.285714285714285 17.357142857142858
34.57142857142857 18.0
38.214285714285715 18.785714285714285
42.857142857142854 19.428571428571427
46.642857142857146 19.928571428571427
50.857142857142854 20.642857142857142
